2.022889e+06 1.906864e+06
1.724057e+06 1.625174e+06
-5.401638e-01 4.979866e-01
-2.850522e-01 -3.309471e-01
6.422989e-01 -1.515093e+00
2.154721e+06 2.031136e+06
-3.609714e-01 -4.101025e-01
4.100148e-01 -5.428799e-01
1.135186e+06 1.070077e+06
1.596119e+07 1.421229e+07
3.925182e+06 3.700055e+06
2.965031e+06 2.794973e+06
7.432639e+05 7.006347e+05
1.184196e+06 1.116276e+06
-4.951702e-02 -4.056788e-01
5.344641e+06 4.759018e+06
1.162512e+00 -1.810978e-02
4.091415e+06 3.856752e+06
5.323412e+06 5.018085e+06
3.533000e+05 3.330368e+05
5.392464e+06 4.801599e+06
2.723391e+06 2.567191e+06
4.208224e+04 1.777755e+05
-7.950258e-01 -1.269036e+00
3.505220e+06 3.304178e+06
5.161407e+05 4.865374e+05
3.531498e+04 1.491901e+05
-5.286700e-01 1.720595e-01
2.369527e+06 2.233621e+06
7.181035e-01 1.628293e+00
8.365588e-01 -8.152635e-01
4.935320e+06 4.652255e+06
1.546356e+06 1.457666e+06
4.375191e+06 4.124249e+06
3.842169e+05 3.621798e+05
4.532523e+04 1.914862e+05
2.031878e+06 1.915341e+06
1.625917e+06 1.532661e+06
5.051028e+05 4.761316e+05
1.832531e+07 1.631737e+07
3.891754e+06 3.668544e+06
2.585734e+06 2.437427e+06
1.761718e+06 1.660677e+06
1.958527e+03 8.272780e+03
1.534683e+06 1.446661e+06
1.270527e+00 -5.865456e-01
-9.959267e-01 4.518091e-02
5.758230e-01 1.072598e-01
-1.326676e+00 -2.661867e+00
-7.965086e-03 -9.475819e-02
1.151855e-01 2.237101e-01
1.181507e+06 1.113743e+06
9.782422e+05 9.221355e+05
1.558961e+06 1.469545e+06
-1.754717e+00 -1.089498e+00
-1.433245e+00 2.247506e+00
2.801075e-02 -1.084289e-01
5.437634e+06 5.125757e+06
6.868730e+05 6.474784e+05
5.511064e-01 1.267545e+00
1.214348e+04 5.130223e+04
7.108718e+05 6.701014e+05
3.790192e+07 3.374893e+07
2.301475e+06 2.169472e+06
1.580935e+07 1.407709e+07
-8.948098e-02 3.476024e-02
-2.446371e-01 2.430029e+00
6.391289e+06 6.024713e+06
-1.366058e+06 -1.905685e+05
3.766916e+04 3.550635e+04
2.495200e+06 2.352085e+06
5.727050e+05 5.398584e+05
5.635653e+06 5.312418e+06
1.077592e-01 -3.452605e-01
-1.516434e+00 5.255319e-02
5.551334e+01 -1.486085e+02
3.798098e+06 3.580259e+06
1.551139e+06 1.462175e+06
1.902589e+06 1.793468e+06
8.698706e-01 -4.429402e-01
1.101131e+06 1.037979e+06
1.541367e+06 1.452962e+06
1.887013e+06 1.778783e+06
3.110689e+06 2.932277e+06
3.027315e+07 2.695605e+07
5.562634e+05 5.243597e+05
1.462921e+05 1.302639e+05
3.521930e+06 3.319926e+06
-2.031666e+01 -3.120850e+01
2.453244e+05 2.312543e+05
1.814877e+07 1.616017e+07
3.732189e+02 2.772600e+02
1.156327e+06 1.090002e+06
-9.844748e-01 -1.870659e-02
4.365248e+06 4.114878e+06
-6.619445e+00 -2.362442e+01
3.602120e-02 -7.356539e-01
5.699884e+06 5.372965e+06
2.510090e+05 2.366112e+05
2.834996e+06 2.672395e+06
